transform:
  translation:
    x: 0
    y: 0.05
    z: 0.32
  rotation:
    x: 0.0
    y: 0.0
    z: 0.0157073
    w: 0.9998766

