header: 
  seq: 0
  stamp: 
    secs: 0
    nsecs:         0
  frame_id: short_camera
height: 1080
width: 1920
distortion_model: plumb_bob
D: [-0.5613370578801886, 0.3469125036964497, -0.001675549013044159, -0.009648089607250322, 0]
K: [1999.483406498204, 0, 1049.704683504101, 0, 1993.357283153175, 456.1236822414125, 0, 0, 1]
R: [1.0, 0.0, 0.0, 0.0, 1.0, 0.0, 0.0, 0.0, 1.0]
P: [1718.65478515625, 0, 1054.705306552059, 0, 0, 1897.78076171875, 447.2775365909911, 0, 0, 0, 1, 0]
binning_x: 0
binning_y: 0
roi: 
  x_offset: 0
  y_offset: 0
  height: 0
  width: 0
do_rectify: False
