
header: 
  seq: 0
  stamp: 
    secs: 0
    nsecs:         0
  frame_id: long_camera
height: 1080
width: 1920
distortion_model: plumb_bob
D: [-0.5494303339379492, 0.2557158132714208, 0.0009849913157179778, 0.00493904765998384, 0]
K: [3931.1314417258, 0, 941.6416760057871, 0, 3935.591181258, 496.4395776523277, 0, 0, 1]
R: [1.0, 0.0, 0.0, 0.0, 1.0, 0.0, 0.0, 0.0, 1.0]
P: [3257.8952026367, 0, 948.3947748421378, 0, 0, 3588.5653076171, 492.139524790975, 0, 0, 0, 1, 0]
binning_x: 0
binning_y: 0
roi: 
  x_offset: 0
  y_offset: 0
  height: 0
  width: 0
do_rectify: False
